3
1
16.26 142.66
54.78 105.00
55.63 102.43
47.93 93.02
60.77 81.03
96.72 117.84
83.88 129.82
81.31 128.97
77.89 124.69
72.75 121.26
31.67 160.63
15.41 145.23
16.26 142.66
1
114.69 47.65
113.84 49.37
116.40 78.47
136.95 76.76
148.93 77.61
155.78 170.05
156.63 174.33
163.48 174.33
188.30 171.76
181.45 75.04
184.02 73.33
213.12 71.62
211.41 40.81
114.69 47.65
1
236.23 116.13
235.37 122.12
238.80 131.53
243.93 137.52
251.64 141.80
263.62 141.80
268.76 140.09
272.18 135.81
275.60 134.96
279.88 128.11
281.59 117.84
279.88 110.99
276.46 105.00
270.47 99.86
261.91 96.44
255.06 96.44
244.79 100.72
237.94 108.42
236.23 116.13
