10
57
8.44 94.44
8.44 90.22
12.66 81.78
13.56 81.22
23.38 74.96
24.28 74.4
25.32 74.4
35.88 74.4
36.94 74.4
37.98 74.56
74.94 80.56
75.98 80.72
77.02 80.84
137.2 86.96
138.24 87.06
140.36 84.94
141.4 79.68
141.52 78.62
145.5 43.78
145.62 42.74
148.8 35.36
155.12 29.02
162.52 25.86
163.56 25.94
173.06 26.82
174.12 26.9
174.94 27.56
183.84 34.7
184.68 35.36
187.84 44.84
187.7 45.9
171.08 177.82
170.96 178.86
170.56 179.84
167.12 188.44
166.74 189.42
161.46 194.7
154.08 197.86
144.58 197.86
139.3 195.76
132.96 190.48
128.74 182.04
128.74 180.98
128.74 170.42
128.74 169.38
128.9 168.32
133.86 135.6
134.02 134.54
130.86 130.32
129.8 130.2
24.26 116.74
23.22 116.6
22.32 116.06
13.56 110.82
12.66 110.28
8.44 101.84
8.44 94.44
11
19.0 90.22
17.94 98.66
23.22 105.0
26.38 106.06
34.82 105.0
39.04 100.78
40.1 93.4
37.98 89.18
31.66 84.94
24.28 84.94
19.0 90.22
12
51.7 95.5
50.66 100.78
56.98 103.94
58.04 103.94
69.64 103.94
70.7 103.94
71.76 98.66
68.6 95.5
62.26 94.44
61.22 94.56
52.76 95.4
51.7 95.5
12
83.36 100.78
82.32 105.0
84.42 110.28
91.8 114.5
100.26 112.38
104.48 106.06
104.48 102.88
102.36 97.62
97.08 93.4
87.58 94.44
83.36 98.66
83.36 100.78
12
116.08 103.94
116.08 110.28
122.42 112.38
123.46 112.5
131.92 113.34
132.96 113.44
136.14 111.34
137.18 108.16
131.9 103.94
130.86 103.94
117.14 103.94
116.08 103.94
10
148.8 108.16
148.8 117.66
151.96 120.82
158.3 122.94
165.68 119.78
168.84 111.34
166.74 106.06
160.4 101.84
151.96 102.88
148.8 108.16
12
158.3 75.46
158.2 76.5
157.32 87.06
157.24 88.12
163.56 90.22
166.74 84.94
166.82 83.9
167.7 73.34
167.78 72.28
164.62 69.12
160.4 69.12
158.3 75.46
10
157.24 42.74
156.18 51.18
162.52 57.52
169.9 57.52
174.12 55.4
177.28 45.9
176.24 42.74
169.9 37.46
162.52 37.46
157.24 42.74
12
149.84 145.1
148.8 151.44
150.9 154.6
155.12 154.6
158.3 149.32
158.38 148.28
159.26 138.76
159.34 137.72
157.24 134.54
151.96 134.54
149.84 138.76
149.84 145.1
10
140.36 172.54
140.36 182.04
147.74 187.32
155.12 186.26
159.34 182.04
160.4 173.6
155.12 167.26
151.96 166.2
143.52 168.32
140.36 172.54
