3
28
0.55 3.65
0.57 3.63
1.05 3.18
1.07 3.16
1.09 3.18
2.43 4.46
2.45 4.48
2.47 4.46
2.72 4.24
2.74 4.22
2.82 4.19
2.85 4.21
3.24 4.58
3.26 4.60
3.24 4.62
2.07 5.82
2.05 5.84
2.03 5.82
1.63 5.45
1.61 5.43
1.63 5.41
1.85 5.14
1.87 5.12
1.84 5.03
1.82 5.01
0.54 3.75
0.52 3.73
0.55 3.65
30
3.86 6.87
3.83 6.96
3.98 6.99
4.01 6.99
7.09 7.19
7.12 7.19
7.12 7.16
7.17 6.18
7.18 6.15
7.15 6.15
6.14 6.07
6.11 6.07
6.11 6.04
6.34 2.81
6.34 2.78
6.31 2.78
5.30 2.70
5.27 2.69
5.27 2.72
5.02 5.92
5.01 5.95
4.99 5.95
4.64 5.98
4.61 5.98
4.58 5.98
3.95 5.92
3.92 5.92
3.92 5.95
3.86 6.84
3.86 6.87
34
7.95 4.42
7.95 4.45
7.95 4.74
7.95 4.77
8.07 5.00
8.09 5.02
8.31 5.21
8.33 5.23
8.59 5.32
8.62 5.31
8.90 5.29
8.93 5.29
8.96 5.27
9.17 5.16
9.19 5.14
9.21 5.12
9.41 4.85
9.42 4.83
9.43 4.80
9.48 4.51
9.48 4.48
9.42 4.25
9.28 4.02
9.05 3.85
8.88 3.79
8.85 3.79
8.50 3.79
8.47 3.79
8.45 3.80
8.24 3.92
8.21 3.93
8.04 4.14
7.95 4.31
7.95 4.42
