10
57
4.22 47.22
4.22 45.11
6.33 40.89
6.78 40.61
11.69 37.48
12.14 37.20
12.66 37.20
17.94 37.20
18.47 37.20
18.99 37.28
37.47 40.28
37.99 40.36
38.51 40.42
68.60 43.48
69.12 43.53
70.18 42.47
70.70 39.84
70.76 39.31
72.75 21.89
72.81 21.37
74.40 17.68
77.56 14.51
81.26 12.93
81.78 12.97
86.53 13.41
87.06 13.45
87.47 13.78
91.92 17.35
92.34 17.68
93.92 22.42
93.85 22.95
85.54 88.91
85.48 89.43
85.28 89.92
83.56 94.22
83.37 94.71
80.73 97.35
77.04 98.93
72.29 98.93
69.65 97.88
66.48 95.24
64.37 91.02
64.37 90.49
64.37 85.21
64.37 84.69
64.45 84.16
66.93 67.80
67.01 67.27
65.43 65.16
64.90 65.10
12.13 58.37
11.61 58.30
11.16 58.03
6.78 55.41
6.33 55.14
4.22 50.92
4.22 47.22
11
9.50 45.11
8.97 49.33
11.61 52.50
13.19 53.03
17.41 52.50
19.52 50.39
20.05 46.70
18.99 44.59
15.83 42.47
12.14 42.47
9.50 45.11
12
25.85 47.75
25.33 50.39
28.49 51.97
29.02 51.97
34.82 51.97
35.35 51.97
35.88 49.33
34.30 47.75
31.13 47.22
30.61 47.28
26.38 47.70
25.85 47.75
12
41.68 50.39
41.16 52.50
42.21 55.14
45.90 57.25
50.13 56.19
52.24 53.03
52.24 51.44
51.18 48.81
48.54 46.70
43.79 47.22
41.68 49.33
41.68 50.39
12
58.04 51.97
58.04 55.14
61.21 56.19
61.73 56.25
65.96 56.67
66.48 56.72
68.07 55.67
68.59 54.08
65.95 51.97
65.43 51.97
58.57 51.97
58.04 51.97
10
74.40 54.08
74.40 58.83
75.98 60.41
79.15 61.47
82.84 59.89
84.42 55.67
83.37 53.03
80.20 50.92
75.98 51.44
74.40 54.08
12
79.15 37.73
79.10 38.25
78.66 43.53
78.62 44.06
81.78 45.11
83.37 42.47
83.41 41.95
83.85 36.67
83.89 36.14
82.31 34.56
80.20 34.56
79.15 37.73
10
78.62 21.37
78.09 25.59
81.26 28.76
84.95 28.76
87.06 27.70
88.64 22.95
88.12 21.37
84.95 18.73
81.26 18.73
78.62 21.37
12
74.92 72.55
74.40 75.72
75.45 77.30
77.56 77.30
79.15 74.66
79.19 74.14
79.63 69.38
79.67 68.86
78.62 67.27
75.98 67.27
74.92 69.38
74.92 72.55
10
70.18 86.27
70.18 91.02
73.87 93.66
77.56 93.13
79.67 91.02
80.20 86.80
77.56 83.63
75.98 83.10
71.76 84.16
70.18 86.27
